flight,,,,,,
flight.is_body,,,,,
1,,
1,,
1,,
1,,
1,,
1,,
1,,
1,,
1,,
1,,
1,,
1,,
1,,
1,,
1,,
1,,
1,,
1,,
1,,
1,,
1,,
1,,
1,,
1,,
1,,
1,,
1,,
1,,
1,,
1,,
1,,
1,,
1,,
1,,
1,,
1,,
1,,
1,,
1,,
1,,
1,,
1,,
1,,
1,,
1,,
1,,
1,,
1,,
1,,
1,,
1,,
1,,
1,,
1,,
1,,
1,,
1,,
1,,
1,,
1,,
1,,
1,,
1,,
1,,
1,,
1,,
1,,
1,,
1,,
1,,
1,,
1,,
1,,
1,,
1,,
1,,
1,,
1,,
1,,
1,,
1,,
1,,
1,,
1,,
1,,
1,,
1,,
1,,
1,,
1,,
1,,
1,,
1,,
1,,
1,,
1,,
1,,
1,,
1,,
1,,
1,,
1,,
1,,
1,,
1,,
1,,
1,,
1,,
1,,
1,,
1,,
1,,
1,,
1,,
1,,
1,,
1,,
1,,
1,,
1,,
1,,
1,,
1,,
1,,
1,,
1,,
1,,
1,,
1,,
1,,
1,,
1,,
1,,
1,,
1,,
1,,
1,,
1,,
1,,
1,,
1,,
1,,
1,,
1,,
1,,
1,,
1,,
1,,
1,,
1,,
1,,
1,,
1,,
1,,
1,,
1,,
1,,
1,,
1,,
1,,
1,,
1,,
1,,
1,,
1,,
1,,
1,,
1,,
1,,
1,,
1,,
1,,
1,,
1,,
1,,
1,,
1,,
1,,
1,,
1,,
1,,
1,,
1,,
1,,
1,,
1,,
1,,
1,,
1,,
1,,
1,,
1,,
1,,
1,,
1,,
1,,
1,,
1,,
1,,
1,,
1,,
1,,
1,,
1,,
1,,
1,,
1,,
1,,
1,,
1,,
1,,
1,,
1,,
1,,
1,,
1,,
1,,
1,,
1,,
1,,
1,,
1,,
1,,
1,,
1,,
1,,
1,,
1,,
1,,
1,,
1,,
1,,
1,,
1,,
1,,
1,,
1,,
1,,
1,,
1,,
1,,
1,,
1,,
1,,
1,,
1,,
1,,
1,,
1,,
1,,
1,,
1,,
1,,
1,,
1,,
1,,
1,,
1,,
1,,
1,,
1,,
1,,
1,,
1,,
1,,
1,,
1,,
1,,
1,,
1,,
1,,
1,,
1,,
1,,
1,,
1,,
1,,
1,,
1,,
1,,
1,,
1,,
1,,
1,,
1,,
1,,
1,,
1,,
1,,
1,,
1,,
1,,
1,,
1,,
1,,
1,,
1,,
1,,
1,,
1,,
1,,
1,,
1,,
1,,
1,,
1,,
1,,
1,,
1,,
1,,
1,,
1,,
1,,
1,,
1,,
1,,
1,,
1,,
1,,
1,,
1,,
1,,
1,,
1,,
1,,
1,,
1,,
1,,
1,,
1,,
1,,
1,,
1,,
1,,
1,,
1,,
1,,
1,,
1,,
1,,
1,,
1,,
1,,
1,,
1,,
1,,
1,,
1,,
1,,
1,,
1,,
1,,
1,,
1,,
1,,
1,,
1,,
1,,
1,,
1,,
1,,
1,,
1,,
1,,
1,,
1,,
1,,
1,,
1,,
1,,
1,,
1,,
1,,
1,,
1,,
1,,
1,,
1,,
1,,
1,,
1,,
1,,
1,,
1,,
1,,
1,,
1,,
1,,
1,,
1,,
1,,
1,,
1,,
1,,
1,,
1,,
1,,
1,,
1,,
1,,
1,,
1,,
1,,
1,,
1,,
1,,
1,,
1,,
1,,
1,,
1,,
1,,
1,,
1,,
1,,
1,,
1,,
1,,
1,,
1,,
1,,
1,,
1,,
1,,
1,,
1,,
1,,
1,,
1,,
1,,
1,,
1,,
1,,
1,,
1,,
1,,
1,,
1,,
1,,
1,,
1,,
1,,
1,,
1,,
1,,
1,,
1,,
1,,
1,,
1,,
1,,
1,,
1,,
1,,
1,,
1,,
1,,
1,,
1,,
1,,
1,,
1,,
1,,
1,,
1,,
1,,
1,,
1,,
1,,
1,,
1,,
1,,
1,,
1,,
1,,
1,,
1,,
1,,
1,,
1,,
1,,
1,,
1,,
1,,
1,,
1,,
1,,
1,,
1,,
1,,
1,,
1,,
1,,
1,,
1,,
1,,
1,,
1,,
1,,
1,,
1,,
1,,
1,,
1,,
1,,
1,,
1,,
1,,
1,,
1,,
1,,
1,,
1,,
1,,
1,,
1,,
1,,
1,,
1,,
1,,
1,,
1,,
1,,
1,,
1,,
1,,
1,,
1,,
1,,
1,,
1,,
1,,
1,,
1,,
1,,
1,,
1,,
1,,
1,,
1,,
1,,
1,,
1,,
1,,
1,,
1,,
1,,
1,,
1,,
1,,
1,,
1,,
1,,
1,,
1,,
1,,
1,,
1,,
1,,
1,,
1,,
1,,
1,,
1,,
1,,
1,,
1,,
1,,
1,,
1,,
1,,
1,,
1,,
1,,
1,,
1,,
1,,
1,,
1,,
1,,
1,,
1,,
1,,
1,,
1,,
1,,
1,,
1,,
1,,
1,,
1,,
1,,
1,,
1,,
1,,
1,,
1,,
1,,
1,,
1,,
1,,
1,,
1,,
1,,
1,,
1,,
1,,
1,,
1,,
1,,
1,,
1,,
1,,
1,,
1,,
1,,
1,,
1,,
1,,
1,,
1,,
1,,
1,,
1,,
1,,
1,,
1,,
1,,
1,,
1,,
1,,
1,,
1,,
1,,
1,,
1,,
1,,
1,,
1,,
1,,
1,,
1,,
1,,
1,,
1,,
1,,
1,,
1,,
1,,
1,,
1,,
1,,
1,,
1,,
1,,
1,,
1,,
1,,
1,,
1,,
1,,
1,,
1,,
1,,
1,,
1,,
1,,
1,,
1,,
1,,
1,,
1,,
1,,
1,,
1,,
1,,
1,,
1,,
1,,
1,,
1,,
1,,
1,,
1,,
1,,
1,,
1,,
1,,
1,,
1,,
1,,
1,,
1,,
1,,
1,,
1,,
1,,
1,,
1,,
1,,
1,,
1,,
1,,
1,,
1,,
1,,
1,,
1,,
1,,
1,,
1,,
1,,
1,,
1,,
1,,
1,,
1,,
1,,
1,,
1,,
1,,
1,,
1,,
1,,
1,,
1,,
1,,
1,,
1,,
1,,
1,,
1,,
1,,
1,,
1,,
1,,
1,,
1,,
1,,
1,,
1,,
1,,
1,,
1,,
1,,
1,,
1,,
1,,
1,,
1,,
1,,
1,,
1,,
1,,
1,,
1,,
1,,
1,,
1,,
1,,
1,,
1,,
1,,
1,,
1,,
1,,
1,,
1,,
1,,
1,,
1,,
1,,
1,,
1,,
1,,
1,,
1,,
1,,
1,,
1,,
1,,
1,,
1,,
1,,
1,,
1,,
1,,
1,,
1,,
1,,
1,,
1,,
1,,
1,,
1,,
1,,
1,,
1,,
1,,
1,,
1,,
1,,
1,,
1,,
1,,
1,,
1,,
1,,
1,,
1,,
1,,
1,,
1,,
1,,
1,,
1,,
1,,
1,,
1,,
1,,
1,,
1,,
1,,
1,,
1,,
1,,
1,,
1,,
1,,
1,,
1,,
1,,
1,,
1,,
1,,
1,,
1,,
1,,
1,,
1,,
1,,
1,,
1,,
1,,
1,,
1,,
1,,
1,,
1,,
1,,
1,,
1,,
1,,
1,,
1,,
1,,
1,,
1,,
1,,
1,,
1,,
1,,
1,,
1,,
1,,
1,,
1,,
1,,
1,,
1,,
1,,
1,,
1,,
1,,
1,,
1,,
1,,
1,,
1,,
1,,
1,,
1,,
1,,
1,,
1,,
1,,
1,,
1,,
1,,
1,,
1,,
1,,
1,,
1,,
1,,
1,,
1,,
1,,
1,,
1,,
1,,,,,,
flight.position,,,,,
0,0,0,,,

-8.0378e-07,3.0289e-07,0.021522,,,

-7.0404e-06,2.653e-06,0.09569,,,

-1.5348e-05,5.7835e-06,0.19933,,,

-0.00014336,5.4024e-05,0.34786,,,

-0.00046701,0.00017599,0.56484,,,

-0.00096279,0.00036283,0.84333,,,

-0.0016072,0.00060566,1.1764,,,

-0.0023767,0.00089564,1.5571,,,

-0.0032477,0.0012239,1.9785,,,

-0.0041968,0.0015816,2.4336,,,

-0.0052005,0.0019598,2.9156,,,

-0.0062351,0.0023497,3.4175,,,

-0.0072773,0.0027424,3.9323,,,

-0.0083034,0.0031291,4.4531,,,

-0.0093981,0.0035416,4.9802,,,

-0.011758,0.0044309,5.5893,,,

-0.015562,0.0058648,6.2933,,,

-0.020612,0.007768,7.0803,,,

-0.026707,0.010065,7.9384,,,

-0.033646,0.01268,8.8557,,,

-0.041231,0.015539,9.8205,,,

-0.04926,0.018564,10.8208,,,

-0.057533,0.021682,11.8449,,,

-0.065852,0.024817,12.8807,,,

-0.074552,0.028096,13.9281,,,

-0.086387,0.032556,15.0417,,,

-0.10142,0.038224,16.2243,,,

-0.11924,0.044941,17.4686,,,

-0.13943,0.05255,18.7673,,,

-0.16156,0.060895,20.113,,,

-0.18523,0.069816,21.4984,,,

-0.21001,0.079158,22.9162,,,

-0.2355,0.088762,24.3592,,,

-0.26126,0.098471,25.8199,,,

-0.28852,0.10875,27.3083,,,

-0.32173,0.12127,28.8702,,,

-0.36034,0.13583,30.5003,,,

-0.40344,0.15209,32.1895,,,

-0.45013,0.1697,33.9286,,,

-0.49949,0.18832,35.7085,,,

-0.55061,0.2076,37.5202,,,

-0.60291,0.22733,39.3566,,,

-0.66088,0.24921,41.2442,,,

-0.72555,0.27363,43.1891,,,

-0.79602,0.30025,45.1852,,,

-0.87136,0.32873,47.2265,,,

-0.95068,0.35871,49.3069,,,

-1.0331,0.38986,51.4203,,,

-1.1176,0.42183,53.5606,,,

-1.2074,0.45582,55.7438,,,

-1.3069,0.49353,57.9931,,,

-1.4144,0.53429,60.2982,,,

-1.5279,0.57739,62.6483,,,

-1.6458,0.62216,65.0328,,,

-1.7667,0.66811,67.4436,,,

-1.8965,0.7175,69.9069,,,

-2.0355,0.77052,72.4253,,,

-2.1819,0.82641,74.9898,,,

-2.3335,0.88437,77.5914,,,

-2.4926,0.94528,80.2351,,,

-2.6611,1.01,82.9274,,,

-2.8375,1.0778,85.6633,,,

-3.0204,1.1483,88.4376,,,

-3.2104,1.2216,91.2521,,,

-3.4112,1.2994,94.1178,,,

-3.6212,1.381,97.0291,,,

-3.8384,1.4656,99.9799,,,

-4.0637,1.5536,102.9715,,,

-4.2998,1.6462,106.0116,,,

-4.5452,1.7428,109.0957,,,

-4.7981,1.8426,112.2191,,,

-5.0609,1.9468,115.3869,,,

-5.3342,2.0558,118.6009,,,

-5.6165,2.1687,121.8574,,,

-5.9069,2.2854,125.1541,,,

-6.2083,2.4071,128.4968,,,

-6.5196,2.5336,131.8838,,,

-6.8396,2.6641,135.3124,,,

-7.1687,2.7992,138.7834,,,

-7.5085,2.9395,142.2995,,,

-7.8579,3.0847,145.8591,,,

-8.2157,3.234,149.4605,,,

-8.5832,3.3885,153.1053,,,

-8.9609,3.5485,156.7944,,,

-9.3477,3.7132,160.5267,,,

-9.7427,3.8825,164.3013,,,

-10.1473,4.0571,168.1195,,,

-10.5615,4.2372,171.9814,,,

-10.9846,4.4224,175.8865,,,

-11.4156,4.6122,179.8345,,,

-11.8553,4.8073,183.8268,,,

-12.3045,5.0082,187.8638,,,

-12.7623,5.2143,191.9433,,,

-13.2274,5.425,196.0634,,,

-13.6994,5.64,200.223,,,

-14.1807,5.8611,204.431,,,

-14.6709,6.088,208.6859,,,

-15.1687,6.3199,212.9829,,,

-15.6726,6.5557,217.3171,,,

-16.1837,6.7964,221.6927,,,

-16.7033,7.0431,226.1162,,,

-17.2309,7.2952,230.5869,,,

-17.7658,7.552,235.1042,,,

-18.3073,7.8136,239.6622,,,

-18.8554,8.0799,244.2592,,,

-19.4103,8.351,248.8982,,,

-19.9721,8.6267,253.5821,,,

-20.5407,8.907,258.3138,,,

-21.1158,9.192,263.0873,,,

-21.6972,9.4815,267.8999,,,

-22.285,9.7757,272.7544,,,

-22.8793,10.0743,277.6537,,,

-23.4804,10.3775,282.6007,,,

-24.0883,10.685,287.598,,,

-24.7026,10.997,292.6408,,,

-25.3227,11.3132,297.7224,,,

-25.9486,11.6335,302.8437,,,

-26.5803,11.9579,308.0056,,,

-27.2178,12.2861,313.2091,,,

-27.8612,12.6181,318.4551,,,

-28.5104,12.9537,323.7444,,,

-29.1655,13.2928,329.0779,,,

-29.8265,13.6355,334.4566,,,

-30.4938,13.9825,339.8806,,,

-31.1673,14.3337,345.3493,,,

-31.8469,14.6889,350.8621,,,

-32.5325,15.0478,356.4184,,,

-33.2241,15.4103,362.0175,,,

-33.9216,15.7762,367.6589,,,

-34.6249,16.1452,373.3419,,,

-35.3339,16.5172,379.0659,,,

-36.0485,16.892,384.8304,,,

-36.7695,17.2704,390.6404,,,

-37.4969,17.6526,396.4977,,,

-38.2309,18.0385,402.4009,,,

-38.9713,18.428,408.3491,,,

-39.7181,18.8209,414.341,,,

-40.4713,19.2169,420.3754,,,

-41.2307,19.6159,426.4513,,,

-41.9963,20.0177,432.5674,,,

-42.7682,20.4222,438.7227,,,

-43.5462,20.8291,444.9159,,,

-44.3308,21.239,451.1513,,,

-45.1229,21.6524,457.436,,,

-45.9225,22.0692,463.7684,,,

-46.7295,22.4894,470.1472,,,

-47.5439,22.9128,476.5708,,,

-48.3656,23.3392,483.038,,,

-49.1947,23.7685,489.5472,,,

-50.0311,24.2007,496.097,,,

-50.8748,24.6354,502.6859,,,

-51.7256,25.0727,509.3126,,,

-52.5839,25.5125,515.9768,,,

-53.4517,25.9557,522.6918,,,

-54.3293,26.4024,529.4589,,,

-55.2162,26.8525,536.2751,,,

-56.1118,27.3058,543.1369,,,

-57.0158,27.762,550.0412,,,

-57.9276,28.2209,556.9847,,,

-58.8468,28.6824,563.9641,,,

-59.7728,29.1462,570.9763,,,

-60.7051,29.6121,578.018,,,

-61.6433,30.08,585.0859,,,

-62.59,30.5505,592.1916,,,

-63.5509,31.0255,599.3618,,,

-64.5247,31.5047,606.5912,,,

-65.5101,31.9878,613.8733,,,

-66.5055,32.4743,621.2014,,,

-67.5095,32.9639,628.5692,,,

-68.5206,33.4563,635.97,,,

-69.54,33.9516,643.4072,,,

-70.5702,34.4505,650.8913,,,

-71.6107,34.9529,658.4199,,,

-72.6605,35.4587,665.9908,,,

-73.7188,35.9678,673.6016,,,

-74.785,36.4803,681.2499,,,

-75.8582,36.996,688.9333,,,

-76.9403,37.5154,696.6582,,,

-78.0332,38.0389,704.4317,,,

-79.1363,38.5667,712.2519,,,

-80.2487,39.0986,720.1171,,,

-81.3696,39.6348,728.0257,,,

-82.4983,40.1752,735.9757,,,

-83.6346,40.7195,743.9645,,,

-84.7791,41.2676,751.9917,,,

-85.9318,41.8198,760.0594,,,

-87.0928,42.3764,768.1697,,,

-88.2623,42.9378,776.3248,,,

-89.4403,43.5043,784.5268,,,

-90.6269,44.0763,792.7777,,,

-91.8217,44.6533,801.0722,,,

-93.0242,45.2347,809.4066,,,

-94.2342,45.8207,817.7804,,,

-95.4515,46.4111,826.193,,,

-96.6758,47.006,834.644,,,

-97.9068,47.6052,843.1329,,,

-99.1445,48.2088,851.6594,,,

-100.3885,48.8167,860.2229,,,

-101.6389,49.4292,868.8245,,,

-102.8981,50.0477,877.4755,,,

-104.1664,50.6724,886.1763,,,

-105.4431,51.3028,894.9242,,,

-106.7276,51.9386,903.7167,,,

-108.0195,52.5793,912.5512,,,

-109.3182,53.2245,921.4249,,,

-110.6232,53.8738,930.3355,,,

-111.9348,54.5277,939.2849,,,

-113.2542,55.1872,948.2788,,,

-114.5812,55.8521,957.3164,,,

-115.9159,56.5221,966.3969,,,

-117.258,57.1968,975.5196,,,

-118.6075,57.8761,984.6837,,,

-119.9643,58.5597,993.8885,,,

-121.3282,59.2473,1003.1332,,,

-122.6992,59.9397,1012.418,,,

-124.0775,60.6369,1021.7438,,,

-125.4634,61.3388,1031.1114,,,

-126.8571,62.0454,1040.5216,,,

-128.259,62.7564,1049.9752,,,

-129.6693,63.4718,1059.4731,,,

-131.0884,64.1915,1069.016,,,

-132.5164,64.9153,1078.6041,,,

-133.9518,65.6432,1088.2315,,,

-135.3943,66.3753,1097.8971,,,

-136.8443,67.1113,1107.6014,,,

-138.3021,67.8513,1117.345,,,

-139.7681,68.5952,1127.1285,,,

-141.2425,69.3428,1136.9526,,,

-142.7256,70.094,1146.8177,,,

-144.2177,70.8489,1156.7246,,,

-145.7192,71.6072,1166.6738,,,

-147.2306,72.3692,1176.6673,,,

-148.7526,73.1356,1186.7093,,,

-150.2848,73.9063,1196.7979,,,

-151.8265,74.6809,1206.93,,,

-153.3772,75.4592,1217.1031,,,

-154.9365,76.2408,1227.3141,,,

-156.5037,77.0254,1237.5605,,,

-158.0782,77.8128,1247.8393,,,

-159.6596,78.6026,1258.1477,,,

-161.2473,79.3946,1268.4831,,,

-162.8408,80.1884,1278.8431,,,

-164.4471,80.9867,1289.2566,,,

-166.0688,81.7904,1299.7352,,,

-167.7036,82.5988,1310.2701,,,

-169.3493,83.4113,1320.8526,,,

-171.0036,84.2272,1331.4738,,,

-172.6643,85.0457,1342.1253,,,

-174.3335,85.8675,1352.8137,,,

-176.0126,86.6928,1363.5449,,,

-177.7011,87.5219,1374.3176,,,

-179.3984,88.3545,1385.1304,,,

-181.1038,89.1907,1395.982,,,

-182.8168,90.0306,1406.8712,,,

-184.5382,90.874,1417.7989,,,

-186.2686,91.7211,1428.7676,,,

-188.0082,92.5723,1439.7795,,,

-189.757,93.4279,1450.8365,,,

-191.5151,94.2883,1461.9408,,,

-193.2825,95.1535,1473.0925,,,

-195.0566,96.022,1484.2769,,,

-196.8374,96.8935,1495.4932,,,

-198.6255,97.7687,1506.7452,,,

-200.4214,98.648,1518.0364,,,

-202.2257,99.5319,1529.3706,,,

-204.039,100.4209,1540.7515,,,

-205.8619,101.3155,1552.1828,,,

-207.6943,102.2158,1563.6648,,,

-209.5338,103.12,1575.1832,,,

-211.3802,104.0281,1586.7368,,,

-213.2335,104.9403,1598.3263,,,

-215.0941,105.8565,1609.9522,,,

-216.962,106.777,1621.6154,,,

-218.8373,107.7019,1633.3166,,,

-220.7203,108.6313,1645.0564,,,

-222.611,109.5653,1656.8357,,,

-224.5097,110.5041,1668.6549,,,

-226.4163,111.4478,1680.515,,,

-228.3318,112.3969,1692.4197,,,

-230.2565,113.3519,1704.3722,,,

-232.1902,114.3125,1716.3701,,,

-234.1325,115.2782,1728.4112,,,

-236.083,116.249,1740.493,,,

-238.0414,117.2243,1752.6132,,,

-240.0073,118.2039,1764.7695,,,

-241.9803,119.1876,1776.9595,,,

-243.9601,120.1749,1789.181,,,

-245.9464,121.1656,1801.4314,,,

-247.9389,122.1596,1813.71,,,

-249.942,123.1597,1826.0382,,,

-251.9566,124.1667,1838.4213,,,

-253.9822,125.1798,1850.8549,,,

-256.018,126.1983,1863.3348,,,

-258.0633,127.2217,1875.8568,,,

-260.1175,128.2491,1888.4166,,,

-262.1797,129.28,1901.01,,,

-264.2505,130.3146,1913.6386,,,

-266.3317,131.3544,1926.3119,,,

-268.4229,132.399,1939.0277,,,

-270.5234,133.448,1951.7832,,,

-272.6328,134.5009,1964.5759,,,

-274.7506,135.5574,1977.4032,,,

-276.8763,136.617,1990.2623,,,

-279.0095,137.6794,2003.1519,,,

-281.1546,138.7466,2016.0887,,,

-283.312,139.8189,2029.0751,,,

-285.4805,140.8957,2042.1067,,,

-287.6589,141.9767,2055.1791,,,

-289.8461,143.0611,2068.2879,,,

-292.0419,144.1489,2081.4323,,,

-294.2483,145.2408,2094.6192,,,

-296.4646,146.3368,2107.8466,,,

-298.6901,147.4365,2121.1119,,,

-300.9238,148.5397,2134.4126,,,

-303.165,149.6463,2147.7465,,,

-305.4156,150.7569,2161.1207,,,

-307.677,151.872,2174.5396,,,

-309.9483,152.9915,2188.0023,,,

-312.2291,154.1155,2201.5078,,,

-314.5186,155.2436,2215.0534,,,

-316.8156,156.3752,2228.6316,,,

-319.1205,157.5104,2242.2452,,,

-321.4341,158.6497,2255.8982,,,

-323.7569,159.7938,2269.5948,,,

-326.0897,160.943,2283.3391,,,

-328.4312,162.0966,2297.1246,,,

-330.7799,163.2538,2310.9428,,,

-333.1361,164.4147,2324.7956,,,

-335.5001,165.5796,2338.6854,,,

-337.8722,166.7489,2352.6141,,,

-340.2529,167.9226,2366.5838,,,

-342.6422,169.1012,2380.5967,,,

-345.0403,170.2846,2394.6523,,,

-347.4463,171.4723,2408.7459,,,

-349.8602,172.6643,2422.8775,,,

-352.2821,173.8605,2437.0471,,,

-354.7119,175.061,2451.2549,,,

-357.1497,176.2658,2465.5009,,,

-359.5955,177.4749,2479.7852,,,

-362.0494,178.6883,2494.1079,,,

-364.5115,179.9062,2508.4703,,,

-366.9823,181.129,2522.8748,,,

-369.4617,182.3565,2537.3204,,,

-371.9495,183.5885,2551.806,,,

-374.4456,184.8249,2566.3303,,,

-376.9499,186.0654,2580.8919,,,

-379.4622,187.31,2595.4899,,,

-381.9825,188.5584,2610.1228,,,

-384.511,189.8108,2624.7925,,,

-387.0493,191.0684,2639.5075,,,

-389.5972,192.3309,2654.266,,,

-392.1543,193.598,2669.0654,,,

-394.7201,194.8694,2683.9031,,,

-397.2943,196.1445,2698.7763,,,

-399.8765,197.4232,2713.6823,,,

-402.4663,198.7052,2728.6194,,,

-405.0668,199.992,2743.6011,,,

-407.6784,201.284,2758.6299,,,

-410.3003,202.5806,2773.7011,,,

-412.9314,203.8813,2788.81,,,

-415.5709,205.1854,2803.9517,,,

-418.2178,206.4925,2819.1217,,,

-420.8751,207.8038,2834.3326,,,

-423.5443,209.1202,2849.59,,,

-426.2242,210.441,2864.8895,,,

-428.9139,211.7658,2880.2269,,,

-431.6126,213.0944,2895.5988,,,

-434.3215,214.427,2911.0096,,,

-437.0406,215.7639,2926.4592,,,

-439.7694,217.1048,2941.9465,,,

-442.5074,218.4498,2957.4702,,,

-445.2548,219.7989,2973.0304,,,

-448.0125,221.1523,2988.6304,,,

-450.7804,222.5102,3004.2702,,,

-453.5582,223.8727,3019.9498,,,

-456.3455,225.2397,3035.6687,,,

-459.1416,226.6106,3051.4222,,,

-461.9467,227.9857,3067.2115,,,

-464.7612,229.3654,3083.0398,,,

-467.5858,230.7499,3098.9105,,,

-470.4208,232.1398,3114.8259,,,

-473.2648,233.534,3130.7785,,,

-476.1171,234.9324,3146.7659,,,

-478.9778,236.3349,3162.7882,,,

-481.8466,237.7415,3178.8456,,,

-484.7233,239.1523,3194.9381,,,

-487.6078,240.5672,3211.0658,,,

-490.5007,241.9864,3227.2295,,,

-493.4029,243.4104,3243.4328,,,

-496.3149,244.8395,3259.6797,,,

-499.2376,246.2742,3275.9743,,,

-502.1717,247.7149,3292.3207,,,

-505.1153,249.1606,3308.7105,,,

-508.0655,250.61,3325.1298,,,

-511.0226,252.063,3341.5795,,,

-513.9868,253.5197,3358.0608,,,

-516.9582,254.9802,3374.5745,,,

-519.937,256.4444,3391.1217,,,

-522.9236,257.9125,3407.7035,,,

-525.9179,259.3846,3424.3208,,,

-528.9205,260.8607,3440.9753,,,

-531.933,262.342,3457.6743,,,

-534.9553,263.8284,3474.4179,,,

-537.9871,265.3197,3491.2039,,,

-541.0281,266.8154,3508.0304,,,

-544.0778,268.3152,3524.895,,,

-547.1357,269.8187,3541.7956,,,

-550.2016,271.3257,3558.7302,,,

-553.2755,272.8364,3575.7002,,,

-556.3578,274.3513,3592.7076,,,

-559.4489,275.8703,3609.7533,,,

-562.5493,277.3933,3626.838,,,

-565.6591,278.9203,3643.9627,,,

-568.7789,280.4513,3661.128,,,

-571.909,281.9863,3678.3349,,,

-575.0493,283.5252,3695.5833,,,

-578.1992,285.0681,3712.8711,,,

-581.3581,286.6146,3730.1962,,,

-584.5255,288.1647,3747.5563,,,

-587.7012,289.7179,3764.9492,,,

-590.8845,291.2742,3782.3728,,,

-594.0751,292.8333,3799.8249,,,

-597.2724,294.3949,3817.3032,,,

-600.4773,295.9592,3834.8104,,,

-603.6967,297.529,3852.3742,,,

-606.9297,299.1039,3869.9914,,,

-610.174,300.6834,3887.6528,,,

-613.4272,302.2666,3905.3488,,,

-616.6881,303.8531,3923.0745,,,

-619.9591,305.4437,3940.8392,,,

-623.2399,307.0383,3958.6416,,,

-626.5297,308.6368,3976.4788,,,

-629.8277,310.2391,3994.3482,,,

-633.1344,311.8455,4012.2517,,,

-636.4521,313.4567,4030.1971,,,

-639.7805,315.0729,4048.1847,,,

-643.1196,316.6943,4066.2142,,,

-646.4678,318.3203,4084.2795,,,

-649.8238,319.95,4102.3748,,,

-653.1887,321.584,4120.5047,,,

-656.5634,323.223,4138.6737,,,

-659.949,324.8676,4156.8866,,,

-663.346,326.5182,4175.1445,,,

-666.7529,328.1738,4193.442,,,

-670.1686,329.8339,4211.7741,,,

-673.5917,331.4979,4230.1358,,,

-677.0209,333.165,4248.5221,,,

-680.4549,334.8347,4266.9281,,,

-683.9004,336.5105,4285.3816,,,

-687.3605,338.194,4303.8928,,,

-690.8235,339.879,4322.411,,,

-694.2871,341.5644,4340.923,,,

-697.7486,343.2486,4359.4122,,,

-701.2075,344.9316,4377.8645,,,

-704.666,346.6143,4396.3103,,,

-708.1239,348.2967,4414.7471,,,

-711.581,349.9786,4433.1721,,,

-715.037,351.6601,4451.5823,,,

-718.492,353.341,4469.9748,,,

-721.9456,355.0212,4488.3467,,,

-725.3978,356.7007,4506.6989,,,

-728.8491,358.3797,4525.0358,,,

-732.2992,360.0581,4543.3562,,,

-735.7482,361.736,4561.6591,,,

-739.1959,363.4132,4579.9432,,,

-742.6424,365.0898,4598.2074,,,

-746.0875,366.7657,4616.4505,,,

-749.5315,368.4411,4634.6745,,,

-752.9744,370.1159,4652.884,,,

-756.4165,371.7903,4671.079,,,

-759.8575,373.4642,4689.2594,,,

-763.2977,375.1376,4707.4249,,,

-766.7368,376.8106,4725.5754,,,

-770.175,378.4831,4743.7107,,,

-773.6122,380.1551,4761.8307,,,

-777.0485,381.8266,4779.9352,,,

-780.4837,383.4977,4798.023,,,

-783.9176,385.1681,4816.0903,,,

-787.3502,386.8379,4834.1378,,,

-790.7816,388.5071,4852.1671,,,

-794.212,390.1758,4870.1793,,,

-797.6414,391.844,4888.1758,,,

-801.0698,393.5118,4906.1579,,,

-804.4975,395.1792,4924.1271,,,

-807.9241,396.8462,4942.0806,,,

-811.3496,398.5126,4960.0157,,,

-814.774,400.1784,4977.9325,,,

-818.1971,401.8437,4995.8313,,,

-821.6191,403.5084,5013.712,,,

-825.04,405.1727,5031.5747,,,

-828.4599,406.8364,5049.4219,,,

-831.879,408.4998,5067.2558,,,

-835.2971,410.1627,5085.0754,,,

-838.7142,411.8251,5102.8795,,,

-842.1303,413.487,5120.6669,,,

-845.5452,415.1484,5138.4364,,,

-848.9588,416.8093,5156.1868,,,

-852.3713,418.4695,5173.9185,,,

-855.7828,420.1293,5191.6357,,,

-859.1934,421.7887,5209.3386,,,

-862.603,423.4476,5227.0267,,,

-866.0117,425.1061,5244.6996,,,

-869.4193,426.7641,5262.3569,,,

-872.8259,428.4216,5279.9982,,,

-876.2315,430.0786,5297.623,,,

-879.636,431.7351,5315.2311,,,

-883.0394,433.3911,5332.822,,,

-886.4417,435.0466,5350.3962,,,

-889.8429,436.7015,5367.954,,,

-893.2431,438.356,5385.4958,,,

-896.6423,440.01,5403.022,,,

-900.0406,441.6636,5420.533,,,

-903.4379,443.3166,5438.0293,,,

-906.8344,444.9693,5455.5113,,,

-910.2299,446.6215,5472.9787,,,

-913.6243,448.2732,5490.4284,,,

-917.0176,449.9243,5507.8604,,,

-920.4098,451.5749,5525.2753,,,

-923.8009,453.225,5542.6739,,,

-927.1911,454.8747,5560.0568,,,

-930.5804,456.5238,5577.4246,,,

-933.9689,458.1726,5594.7782,,,

-937.3563,459.8208,5612.1165,,,

-940.7428,461.4686,5629.4388,,,

-944.1283,463.1159,5646.7451,,,

-947.5128,464.7627,5664.0351,,,

-950.8963,466.409,5681.3087,,,

-954.2789,468.0548,5698.5657,,,

-957.6605,469.7001,5715.8062,,,

-961.0411,471.3449,5733.0307,,,

-964.4208,472.9893,5750.2399,,,

-967.7996,474.6332,5767.4341,,,

-971.1776,476.2767,5784.6137,,,

-974.5547,477.9197,5801.779,,,

-977.9311,479.5623,5818.9305,,,

-981.3067,481.2046,5836.0685,,,

-984.6815,482.8464,5853.1914,,,

-988.0552,484.4876,5870.2959,,,

-991.4278,486.1283,5887.3826,,,

-994.7996,487.7685,5904.4526,,,

-998.1704,489.4083,5921.507,,,

-1001.5405,491.0476,5938.5467,,,

-1004.9097,492.6865,5955.5721,,,

-1008.2781,494.325,5972.5825,,,

-1011.6457,495.963,5989.5776,,,

-1015.0124,497.6006,6006.5571,,,

-1018.3782,499.2377,6023.5209,,,

-1021.7431,500.8743,6040.4685,,,

-1025.1072,502.5105,6057.4006,,,

-1028.4705,504.1463,6074.3179,,,

-1031.8329,505.7816,6091.2204,,,

-1035.1946,507.4165,6108.1081,,,

-1038.5554,509.051,6124.9807,,,

-1041.9154,510.6851,6141.8383,,,

-1045.2745,512.3187,6158.6804,,,

-1048.6328,513.9518,6175.5061,,,

-1051.9902,515.5845,6192.316,,,

-1055.3467,517.2168,6209.111,,,

-1058.7025,518.8487,6225.8919,,,

-1062.0576,520.4802,6242.6596,,,

-1065.412,522.1113,6259.4138,,,

-1068.7655,523.742,6276.1523,,,

-1072.1181,525.3723,6292.8741,,,

-1075.4697,527.002,6309.5783,,,

-1078.8204,528.6312,6326.2642,,,

-1082.1701,530.26,6342.9342,,,

-1085.5194,531.8886,6359.5941,,,

-1088.8679,533.5168,6376.2422,,,

-1092.2157,535.1446,6392.8763,,,

-1095.5626,536.7719,6409.4944,,,

-1098.9086,538.3988,6426.0944,,,

-1102.2533,540.0251,6442.6741,,,

-1105.5972,541.651,6459.2374,,,

-1108.9405,543.2766,6475.7895,,,

-1112.2831,544.9019,6492.3297,,,

-1115.6249,546.5268,6508.857,,,

-1118.966,548.1513,6525.3706,,,

-1122.3063,549.7754,6541.8697,,,

-1125.6458,551.3992,6558.3533,,,

-1128.9844,553.0225,6574.8205,,,

-1132.322,554.6453,6591.2706,,,

-1135.6587,556.2677,6607.7038,,,

-1138.9945,557.8897,6624.1225,,,

-1142.3296,559.5113,6640.5271,,,

-1145.6639,561.1326,6656.9175,,,

-1148.9974,562.7535,6673.2939,,,

-1152.3301,564.374,6689.6563,,,

-1155.6621,565.9941,6706.0049,,,

-1158.9933,567.6139,6722.3398,,,

-1162.3238,569.2333,6738.661,,,

-1165.6536,570.8524,6754.9687,,,

-1168.9826,572.4711,6771.2618,,,

-1172.3107,574.0893,6787.5377,,,

-1175.6378,575.7071,6803.797,,,

-1178.9641,577.3245,6820.0405,,,

-1182.2895,578.9415,6836.2688,,,

-1185.6142,580.5581,6852.4828,,,

-1188.9381,582.1744,6868.6831,,,

-1192.2614,583.7903,6884.8705,,,

-1195.5841,585.4059,6901.0457,,,

-1198.906,587.0212,6917.2068,,,

-1202.227,588.636,6933.3524,,,

-1205.5472,590.2505,6949.4823,,,

-1208.8666,591.8645,6965.5965,,,

-1212.1851,593.4781,6981.6951,,,

-1215.5029,595.0914,6997.7779,,,

-1218.8199,596.7042,7013.8451,,,

-1222.1361,598.3167,7029.8977,,,

-1225.4518,599.9289,7045.9389,,,

-1228.7668,601.5407,7061.9677,,,

-1232.0811,603.1522,7077.9833,,,

-1235.3947,604.7634,7093.9847,,,

-1238.7075,606.3741,7109.9709,,,

-1242.0196,607.9845,7125.9409,,,

-1245.3308,609.5944,7141.8938,,,

-1248.6412,611.2039,7157.8287,,,

-1251.9508,612.813,7173.7485,,,

-1255.2598,614.4218,7189.6551,,,

-1258.5681,616.0302,7205.5487,,,

-1261.8758,617.6383,7221.4294,,,

-1265.1829,619.2461,7237.2972,,,

-1268.4893,620.8535,7253.1524,,,

-1271.7952,622.4607,7268.9949,,,

-1275.1004,624.0675,7284.825,,,

-1278.4051,625.674,7300.6426,,,

-1281.7092,627.2803,7316.448,,,

-1285.0127,628.8862,7332.2399,,,

-1288.3153,630.4916,7348.0139,,,

-1291.6171,632.0967,7363.7705,,,

-1294.9181,633.7013,7379.5105,,,

-1298.2183,635.3055,7395.2348,,,

-1301.5179,636.9094,7410.9444,,,

-1304.8168,638.5129,7426.6401,,,

-1308.1151,640.1161,7442.3229,,,

-1311.4128,641.7191,7457.9927,,,

-1314.7099,643.3217,7473.6481,,,

-1318.0062,644.9239,7489.2894,,,

-1321.302,646.5258,7504.9167,,,

-1324.597,648.1273,7520.5302,,,

-1327.8915,649.7286,7536.13,,,

-1331.1853,651.3295,7551.7164,,,

-1334.4785,652.9301,7567.2895,,,

-1337.7711,654.5304,7582.8489,,,

-1341.0631,656.1304,7598.3938,,,

-1344.3543,657.73,7613.9242,,,

-1347.6449,659.3292,7629.44,,,

-1350.9348,660.9282,7644.9409,,,

-1354.224,662.5267,7660.427,,,

-1357.5125,664.125,7675.8979,,,

-1360.8004,665.7229,7691.355,,,

-1364.0877,667.3205,7706.7998,,,

-1367.3744,668.9179,7722.232,,,

-1370.6605,670.5149,7737.6509,,,

-1373.9459,672.1116,7753.056,,,

-1377.2307,673.708,7768.4468,,,

-1380.5148,675.3041,7783.8228,,,

-1383.7982,676.8998,7799.1835,,,

-1387.0809,678.4952,7814.53,,,

-1390.3631,680.0904,7829.8649,,,

-1393.6447,681.6853,7845.1873,,,

-1396.9257,683.2798,7860.4965,,,

-1400.206,684.8741,7875.7917,,,

-1403.4856,686.468,7891.0721,,,

-1406.7645,688.0616,7906.3369,,,

-1410.0427,689.6549,7921.5853,,,

-1413.32,691.2478,7936.8166,,,

-1416.5967,692.8403,7952.0342,,,

-1419.8729,694.4326,7967.24,,,

-1423.1485,696.0247,7982.4338,,,

-1426.4235,697.6165,7997.6154,,,

-1429.6979,699.208,8012.7844,,,

-1432.9718,700.7992,8027.9408,,,

-1436.245,702.3901,8043.0842,,,

-1439.5177,703.9808,8058.2144,,,

-1442.7897,705.5712,8073.3313,,,

-1446.0612,707.1612,8088.4344,,,

-1449.332,708.751,8103.5236,,,

-1452.6021,710.3405,8118.5974,,,

-1455.8715,711.9296,8133.6558,,,

-1459.1402,713.5184,8148.6996,,,

-1462.4082,715.1069,8163.7293,,,

-1465.6757,716.695,8178.7453,,,

-1468.9425,718.283,8193.7483,,,

-1472.2088,719.8706,8208.7387,,,

-1475.4745,721.458,8223.7172,,,

-1478.7398,723.0451,8238.6844,,,

-1482.0045,724.632,8253.6397,,,

-1485.2686,726.2186,8268.5801,,,

-1488.532,727.8049,8283.5053,,,

-1491.7946,729.3908,8298.4154,,,

-1495.0567,730.9764,8313.3107,,,

-1498.3181,732.5617,8328.1914,,,

-1501.5788,734.1467,8343.0575,,,

-1504.839,735.7314,8357.9094,,,

-1508.0986,737.3158,8372.7477,,,

-1511.3577,738.8999,8387.5745,,,

-1514.6162,740.4838,8402.3895,,,

-1517.8742,742.0675,8417.1921,,,

-1521.1316,743.6508,8431.9817,,,

-1524.3885,745.2339,8446.7579,,,

-1527.6448,746.8167,8461.52,,,

-1530.9005,748.3992,8476.2676,,,

-1534.1556,749.9813,8491.0001,,,

-1537.4101,751.5632,8505.718,,,

-1540.6641,753.1447,8520.425,,,

-1543.9177,754.7261,8535.1207,,,

-1547.1707,756.3072,8549.8044,,,

-1550.4232,757.888,8564.4752,,,

-1553.6751,759.4685,8579.1322,,,

-1556.9265,761.0487,8593.7746,,,

-1560.1772,762.6286,8608.4016,,,

-1563.4273,764.2082,8623.0123,,,

-1566.6767,765.7874,8637.6059,,,

-1569.9255,767.3663,8652.1828,,,

-1573.1738,768.9449,8666.7478,,,

-1576.4216,770.5233,8681.3014,,,

-1579.669,772.1014,8695.8435,,,

-1582.9159,773.6793,8710.3739,,,

-1586.1623,775.2569,8724.8927,,,

-1589.4082,776.8343,8739.3997,,,

-1592.6537,778.4115,8753.8948,,,

-1595.8987,779.9884,8768.3779,,,

-1599.1433,781.5651,8782.849,,,

-1602.3874,783.1415,8797.3079,,,

-1605.631,784.7177,8811.7545,,,

-1608.8742,786.2936,8826.1887,,,

-1612.1168,787.8694,8840.6098,,,

-1615.3589,789.4447,8855.0149,,,

-1618.6003,791.0198,8869.4043,,,

-1621.8411,792.5945,8883.7784,,,

-1625.0814,794.169,8898.1379,,,

-1628.3211,795.7431,8912.4833,,,

-1631.5603,797.317,8926.8153,,,

-1634.799,798.8907,8941.1344,,,

-1638.0372,800.4641,8955.4412,,,

-1641.2751,802.0374,8969.7363,,,

-1644.5125,803.6104,8984.0202,,,

-1647.7495,805.1832,8998.2919,,,

-1650.9859,806.7557,9012.5502,,,

-1654.2219,808.3279,9026.7949,,,

-1657.4573,809.8999,9041.0259,,,

-1660.6922,811.4716,9055.243,,,

-1663.9265,813.0431,9069.4461,,,

-1667.1603,814.6143,9083.6351,,,

-1670.3936,816.1853,9097.8097,,,

-1673.6264,817.756,9111.97,,,

-1676.8587,819.3264,9126.1166,,,

-1680.0906,820.8967,9140.2532,,,

-1683.3221,822.4668,9154.3794,,,

-1686.5531,824.0367,9168.4942,,,

-1689.7837,825.6063,9182.5969,,,

-1693.0139,827.1758,9196.6868,,,

-1696.2435,828.7449,9210.7629,,,

-1699.4725,830.3139,9224.8244,,,

-1702.701,831.8826,9238.8706,,,

-1705.929,833.451,9252.9007,,,

-1709.1562,835.0191,9266.9137,,,

-1712.383,836.587,9280.9114,,,

-1715.6093,838.1547,9294.8997,,,

-1718.8353,839.7223,9308.8783,,,

-1722.0609,841.2896,9322.8466,,,

-1725.2861,842.8568,9336.8041,,,

-1728.5108,844.4238,9350.7502,,,

-1731.7351,845.9906,9364.6843,,,

-1734.959,847.5572,9378.6059,,,

-1738.1823,849.1235,9392.5144,,,

-1741.4052,850.6897,9406.4093,,,

-1744.6276,852.2556,9420.2899,,,

-1747.8494,853.8212,9434.1557,,,

-1751.0707,855.3866,9448.0062,,,

-1754.2914,856.9518,9461.8407,,,

-1757.5115,858.5167,9475.6591,,,

-1760.7311,860.0814,9489.4627,,,

-1763.9502,861.6458,9503.2522,,,

-1767.1687,863.21,9517.0282,,,

-1770.3868,864.774,9530.7913,,,

-1773.6044,866.3378,9544.5421,,,

-1776.8216,867.9013,9558.281,,,

-1780.0384,869.4647,9572.0088,,,

-1783.2548,871.0279,9585.7259,,,

-1786.4708,872.591,9599.433,,,

-1789.6865,874.1539,9613.1307,,,

-1792.9019,875.7166,9626.8194,,,

-1796.1169,877.2793,9640.4998,,,

-1799.3317,878.8418,9654.1725,,,

-1802.5463,880.4041,9667.8379,,,

-1805.7607,881.9664,9681.4969,,,

-1808.9748,883.5286,9695.1483,,,

-1812.1879,885.0903,9708.773,,,

-1815.4,886.6516,9722.3697,,,

-1818.6113,888.2125,9735.9446,,,

-1821.8221,889.7731,9749.5038,,,

-1825.0325,891.3336,9763.0535,,,

-1828.2428,892.894,9776.5981,,,

-1831.4528,894.4543,9790.1333,,,

-1834.6623,896.0144,9803.6565,,,

-1837.8713,897.5742,9817.1651,,,

-1841.0797,899.1337,9830.6567,,,

-1844.2875,900.6929,9844.1287,,,

-1847.4948,902.2519,9857.5873,,,

-1850.7019,903.8108,9871.0388,,,

-1853.9087,905.3695,9884.482,,,

-1857.1151,906.9281,9897.9155,,,

-1860.3211,908.4865,9911.3379,,,

-1863.5268,910.0446,9924.7479,,,

-1866.732,911.6026,9938.1441,,,

-1869.9366,913.1602,9951.5252,,,

-1873.1408,914.7176,9964.8899,,,

-1876.3444,916.2748,9978.2372,,,

-1879.5475,917.8317,9991.5728,,,

-1882.7504,919.3884,10004.8984,,,

-1885.9529,920.9449,10018.2134,,,

-1889.155,922.5013,10031.5174,,,

-1892.3567,924.0575,10044.8101,,,

-1895.558,925.6134,10058.0909,,,

-1898.759,927.1692,10071.3595,,,

-1901.9595,928.7247,10084.6154,,,

-1905.1596,930.28,10097.8582,,,

-1908.3593,931.8352,10111.0875,,,

-1911.5585,933.39,10124.3029,,,

-1914.7573,934.9447,10137.5039,,,

-1917.9557,936.4991,10150.6916,,,

-1921.1536,938.0533,10163.8666,,,

-1924.3511,939.6072,10177.0292,,,

-1927.5482,941.161,10190.1794,,,

-1930.7449,942.7146,10203.3174,,,

-1933.9413,944.2679,10216.4435,,,

-1937.1372,945.8211,10229.5576,,,

-1940.3328,947.374,10242.66,,,

-1943.528,948.9268,10255.7509,,,

-1946.7229,950.4794,10268.8303,,,

-1949.9174,952.0318,10281.8985,,,

-1953.1116,953.5841,10294.9556,,,

-1956.3054,955.1361,10308.0012,,,

-1959.4988,956.688,10321.0324,,,

-1962.6917,958.2395,10334.049,,,

-1965.8841,959.7909,10347.0516,,,

-1969.0761,961.342,10360.0405,,,

-1972.2677,962.8929,10373.0162,,,

-1975.4589,964.4436,10385.9789,,,

-1978.6497,965.9941,10398.9292,,,

-1981.8402,967.5444,10411.8675,,,

-1985.0303,969.0945,10424.7942,,,

-1988.2201,970.6445,10437.7097,,,

-1991.4095,972.1942,10450.6138,,,

-1994.5985,973.7438,10463.5058,,,

-1997.7872,975.2932,10476.3855,,,

-2000.9754,976.8424,10489.2525,,,

-2004.1633,978.3913,10502.1068,,,

-2007.3508,979.9401,10514.9479,,,

-2010.5378,981.4887,10527.7756,,,

-2013.7245,983.037,10540.5896,,,

-2016.9107,984.5852,10553.3898,,,

-2020.0966,986.1332,10566.1758,,,

-2023.282,987.681,10578.9504,,,

-2026.4672,989.2286,10591.715,,,

-2029.652,990.776,10604.469,,,

-2032.8365,992.3233,10617.2118,,,

-2036.0207,993.8705,10629.9432,,,

-2039.2045,995.4174,10642.6625,,,

-2042.3879,996.9642,10655.3692,,,

-2045.5709,998.5107,10668.0629,,,

-2048.7535,1000.0571,10680.7431,,,

-2051.9357,1001.6034,10693.4093,,,

-2055.1175,1003.1494,10706.0611,,,

-2058.2989,1004.6952,10718.699,,,

-2061.48,1006.2409,10731.3264,,,

-2064.6607,1007.7864,10743.9433,,,

-2067.8411,1009.3318,10756.5493,,,

-2071.0212,1010.877,10769.1441,,,

-2074.2009,1012.4221,10781.7272,,,

-2077.3802,1013.967,10794.2984,,,

-2080.5592,1015.5117,10806.8573,,,

-2083.7379,1017.0563,10819.4034,,,

-2086.9161,1018.6006,10831.9364,,,

-2090.094,1020.1449,10844.456,,,

-2093.2715,1021.6889,10856.9618,,,

-2096.4485,1023.2328,10869.4534,,,

-2099.6252,1024.7764,10881.9307,,,

-2102.8015,1026.3199,10894.3945,,,

-2105.9774,1027.8633,10906.8453,,,

-2109.1529,1029.4064,10919.2835,,,

-2112.328,1030.9494,10931.7097,,,

-2115.5028,1032.4922,10944.1243,,,

-2118.6773,1034.0349,10956.5277,,,

-2121.8514,1035.5774,10968.9205,,,

-2125.0253,1037.1198,10981.303,,,

-2128.1989,1038.6621,10993.6758,,,

-2131.3723,1040.2043,11006.0394,,,

-2134.5454,1041.7464,11018.3941,,,

-2137.7182,1043.2883,11030.7405,,,

-2140.8909,1044.8302,11043.079,,,

-2144.0633,1046.3719,11055.4099,,,

-2147.2354,1047.9135,11067.7261,,,

-2150.4069,1049.4549,11080.0245,,,

-2153.5779,1050.996,11092.305,,,

-2156.7484,1052.5368,11104.5672,,,

-2159.9183,1054.0775,11116.8111,,,

-2163.0878,1055.6179,11129.0365,,,

-2166.2567,1057.1581,11141.2431,,,,,,
flight.attitude,,,,,
1,0,0,,
0,1,0,,
0,0,1,,,

1,-6.4032e-07,4.0471e-05,,
6.7194e-07,1,-1.525e-05,,
-4.0471e-05,1.5251e-05,1,,,

1,-2.8047e-06,0.00017994,,
3.0124e-06,1,-6.78e-05,,
-0.00017994,6.7808e-05,1,,,

1,-6.1378e-06,0.00037483,,
6.1514e-06,1,-0.00014125,,
-0.00037483,0.00014125,1,,,

1,-1.092e-05,0.0006541,,
1.0831e-05,1,-0.00024649,,
-0.0006541,0.0002465,1,,,

1,-1.7517e-05,0.001062,,
1.8032e-05,1,-0.00040019,,
-0.001062,0.00040025,1,,,

1,-2.5718e-05,0.0015855,,
2.7482e-05,1,-0.00059744,,
-0.0015855,0.00059758,1,,,

0.99999,-3.5312e-05,0.0022116,,
3.8911e-05,1,-0.00083334,,
-0.0022116,0.00083358,0.99999,,,

0.99999,-4.6086e-05,0.0029273,,
5.2045e-05,1,-0.001103,,
-0.0029272,0.0011033,0.99999,,,

0.99999,-5.7829e-05,0.0037196,,
6.6614e-05,1,-0.0014014,,
-0.0037194,0.0014019,0.99998,,,

0.99998,-7.033e-05,0.0045754,,
8.2344e-05,1,-0.0017238,,
-0.0045752,0.0017245,0.99998,,,

0.99998,-8.3377e-05,0.0054818,,
9.8964e-05,1,-0.0020652,,
-0.0054815,0.002066,0.99997,,,

0.99997,-9.6758e-05,0.0064257,,
0.0001162,1,-0.0024207,,
-0.0064253,0.0024217,0.99997,,,

0.99997,-0.00011026,0.0073941,,
0.00013379,1,-0.0027854,,
-0.0073937,0.0027866,0.99996,,,

0.99996,-0.00012368,0.008374,,
0.00015145,0.99999,-0.0031545,,
-0.0083735,0.0031557,0.99996,,,

0.99996,-0.00013695,0.0093657,,
0.00016932,0.99999,-0.0035279,,
-0.0093652,0.0035293,0.99995,,,

0.99995,-0.00015163,0.010511,,
0.0001918,0.99999,-0.0039593,,
-0.010511,0.003961,0.99994,,,

0.99993,-0.00016783,0.011835,,
0.00021965,0.99999,-0.0044577,,
-0.011834,0.0044598,0.99992,,,

0.99991,-0.0001851,0.013314,,
0.0002522,0.99999,-0.0050146,,
-0.013313,0.0050175,0.99989,,,

0.99988,-0.00020301,0.014927,,
0.00028878,0.99998,-0.0056219,,
-0.014926,0.0056256,0.99986,,,

0.99985,-0.00022112,0.016651,,
0.00032873,0.99998,-0.0062709,,
-0.01665,0.0062757,0.99983,,,

0.99981,-0.00023897,0.018465,,
0.00037137,0.99997,-0.0069535,,
-0.018463,0.0069594,0.99979,,,

0.99978,-0.00025614,0.020346,,
0.00041605,0.99997,-0.0076613,,
-0.020343,0.0076683,0.99975,,,

0.99974,-0.00027218,0.022272,,
0.0004621,0.99996,-0.0083858,,
-0.022269,0.0083941,0.9997,,,

0.9997,-0.00028665,0.024221,,
0.00050885,0.99996,-0.0091186,,
-0.024217,0.0091283,0.99966,,,

0.99966,-0.00029922,0.026191,,
0.00055679,0.99995,-0.0098596,,
-0.026187,0.0098707,0.99961,,,

0.99961,-0.00031024,0.028285,,
0.00061165,0.99994,-0.010647,,
-0.02828,0.01066,0.99955,,,

0.99954,-0.00031983,0.030507,,
0.00067367,0.99993,-0.011483,,
-0.030501,0.011498,0.99948,,,

0.99946,-0.00032804,0.032842,,
0.00074205,0.99992,-0.012362,,
-0.032835,0.012379,0.99938,,,

0.99937,-0.00033493,0.035278,,
0.00081598,0.99991,-0.013279,,
-0.03527,0.013299,0.99928,,,

0.99927,-0.00034053,0.037801,,
0.00089468,0.9999,-0.014228,,
-0.037792,0.014252,0.99917,,,

0.99916,-0.00034489,0.040397,,
0.00097734,0.99988,-0.015206,,
-0.040386,0.015233,0.99904,,,

0.99905,-0.00034807,0.043052,,
0.0010632,0.99986,-0.016206,,
-0.04304,0.016237,0.99892,,,

0.99894,-0.00035011,0.045753,,
0.0011514,0.99985,-0.017224,,
-0.04574,0.017259,0.99878,,,

0.99882,-0.00035105,0.048486,,
0.0012412,0.99983,-0.018254,,
-0.048471,0.018293,0.99865,,,

0.99869,-0.00034926,0.051268,,
0.0013346,0.99981,-0.019303,,
-0.051252,0.019346,0.99851,,,

0.99855,-0.0003401,0.05418,,
0.0014395,0.99979,-0.020403,,
-0.054162,0.020451,0.99834,,,

0.99837,-0.00032446,0.057211,,
0.0015549,0.99977,-0.02155,,
-0.057191,0.021603,0.99814,,,

0.99818,-0.00030368,0.060342,,
0.0016794,0.99974,-0.022736,,
-0.060319,0.022796,0.99792,,,

0.99798,-0.00027905,0.063554,,
0.0018114,0.99971,-0.023956,,
-0.063528,0.024023,0.99769,,,

0.99776,-0.0002519,0.066827,,
0.0019493,0.99968,-0.025204,,
-0.066799,0.025278,0.99744,,,

0.99753,-0.00022352,0.070144,,
0.0020917,0.99965,-0.026472,,
-0.070114,0.026553,0.99718,,,

0.9973,-0.00019471,0.07349,,
0.0022374,0.99961,-0.027755,,
-0.073456,0.027844,0.99691,,,

0.99705,-0.00015801,0.076912,,
0.0023932,0.99958,-0.029072,,
-0.076875,0.02917,0.99662,,,

0.99677,-0.00011184,0.080418,,
0.0025606,0.99953,-0.030425,,
-0.080377,0.030533,0.9963,,,

0.99647,-5.7804e-05,0.08399,,
0.0027381,0.99949,-0.031812,,
-0.083945,0.031929,0.99596,,,

0.99615,2.4929e-06,0.087611,,
0.0029242,0.99944,-0.033225,,
-0.087562,0.033354,0.99559,,,

0.99582,6.7451e-05,0.091265,,
0.0031175,0.99939,-0.034662,,
-0.091212,0.034802,0.99521,,,

0.99548,0.00013547,0.094936,,
0.0033165,0.99934,-0.036117,,
-0.094879,0.036269,0.99482,,,

0.99513,0.00020494,0.098607,,
0.0035197,0.99929,-0.037586,,
-0.098544,0.03775,0.99442,,,

0.99476,0.00027971,0.1023,,
0.0037313,0.99923,-0.039078,,
-0.10223,0.039254,0.99399,,,

0.99437,0.00036557,0.10605,,
0.003957,0.99917,-0.040607,,
-0.10598,0.040797,0.99354,,,

0.99395,0.00046016,0.10983,,
0.004194,0.9991,-0.042165,,
-0.10975,0.04237,0.99306,,,

0.99352,0.00056104,0.1136,,
0.0044396,0.99903,-0.043744,,
-0.11352,0.043966,0.99256,,,

0.99309,0.00066576,0.11736,,
0.0046907,0.99896,-0.045338,,
-0.11726,0.045575,0.99205,,,

0.99265,0.00077244,0.12106,,
0.0049452,0.99889,-0.046938,,
-0.12096,0.047192,0.99154,,,

0.99219,0.00088654,0.12475,,
0.0052096,0.99881,-0.048561,,
-0.12464,0.048832,0.991,,,

0.99172,0.0010083,0.12841,,
0.0054833,0.99872,-0.050205,,
-0.1283,0.050494,0.99045,,,

0.99125,0.0011354,0.13202,,
0.0057631,0.99864,-0.051862,,
-0.1319,0.052169,0.98989,,,

0.99077,0.0012656,0.13552,,
0.0060453,0.99855,-0.053524,,
-0.13539,0.053849,0.98933,,,

0.9903,0.0013998,0.13894,,
0.006332,0.99846,-0.055194,,
-0.1388,0.055538,0.98876,,,

0.98982,0.0015394,0.1423,,
0.0066244,0.99836,-0.056875,,
-0.14216,0.057239,0.98819,,,

0.98935,0.0016828,0.14556,,
0.0069186,0.99826,-0.058561,,
-0.1454,0.058944,0.98761,,,

0.98889,0.0018287,0.14866,,
0.0072107,0.99816,-0.060243,,
-0.14849,0.060645,0.98705,,,

0.98844,0.0019767,0.1516,,
0.0075004,0.99805,-0.061921,,
-0.15143,0.062342,0.9865,,,

0.988,0.0021283,0.15445,,
0.0077916,0.99795,-0.063601,,
-0.15427,0.064041,0.98595,,,

0.98758,0.0022826,0.15713,,
0.0080785,0.99783,-0.065274,,
-0.15694,0.065733,0.98542,,,

0.98718,0.0024386,0.15958,,
0.0083551,0.99772,-0.066932,,
-0.15938,0.067408,0.98491,,,

0.98681,0.0025959,0.16183,,
0.0086221,0.99761,-0.068574,,
-0.16162,0.069065,0.98443,,,

0.98646,0.0027553,0.16396,,
0.0088831,0.99749,-0.070205,,
-0.16375,0.070711,0.98397,,,

0.98614,0.0029169,0.16587,,
0.0091284,0.99738,-0.071815,,
-0.16564,0.072334,0.98353,,,

0.98588,0.003081,0.16744,,
0.0093482,0.99726,-0.073391,,
-0.16721,0.07392,0.98315,,,

0.98564,0.0032472,0.16884,,
0.0095546,0.99714,-0.074943,,
-0.1686,0.07548,0.98279,,,

0.98542,0.0034165,0.17009,,
0.0097447,0.99702,-0.076468,,
-0.16985,0.07701,0.98245,,,

0.98526,0.0035903,0.17104,,
0.0099008,0.99691,-0.077951,,
-0.17079,0.078495,0.98217,,,

0.98516,0.0037701,0.17161,,
0.010012,0.99679,-0.079383,,
-0.17136,0.079924,0.98196,,,

0.98508,0.0039565,0.17202,,
0.010097,0.99668,-0.080784,,
-0.17177,0.081319,0.98177,,,

0.98504,0.004151,0.17227,,
0.010157,0.99657,-0.082138,,
-0.17202,0.082663,0.98161,,,

0.98504,0.004355,0.17228,,
0.010183,0.99646,-0.083424,,
-0.17203,0.083931,0.98151,,,

0.98509,0.0045728,0.17198,,
0.010155,0.99636,-0.084652,,
-0.17174,0.085136,0.98147,,,

0.98519,0.0048078,0.17142,,
